1777285444.1221972	44.5	3.398
1777285444.5216944	18.8	3.826
1777285445.0113554	-36.8	3.911
1777285445.4154384	-19.4	3.998
1777285445.8333883	10.1	3.998
1777285446.312197	17.1	3.998
1777285446.7236183	16.3	4.027
1777285447.1259649	15.0	4.027
1777285447.6251433	15.6	4.054
1777285448.0196998	14.0	4.054
1777285448.5106623	31.3	4.197
1777285448.9156334	51.0	4.197
1777285449.3360298	59.4	4.34
1777285449.8082628	72.2	4.369
1777285450.228024	62.5	4.398
1777285450.627931	43.9	4.398
1777285451.1197152	27.1	4.426
1777285451.518153	19.9	4.454
1777285452.0193026	19.4	4.454
1777285452.4138908	21.3	4.483
1777285452.8297875	19.8	4.512
1777285453.3070352	25.5	4.569
1777285453.732178	32.6	4.597
1777285454.1294286	41.7	4.683
1777285454.6196365	49.3	4.683
1777285455.0205967	37.1	4.683
1777285455.5167978	23.7	4.797
1777285455.917444	39.0	4.797
1777285456.3364289	39.4	4.826
1777285456.8139293	32.7	4.826
1777285457.22851	21.6	4.826
1777285457.6237109	28.2	5.025
1777285458.118321	65.5	5.025
1777285458.5271244	61.6	5.025
1777285459.0219707	44.2	5.054
1777285459.4223156	27.1	5.083
1777285459.8161314	20.6	5.083
1777285460.308592	25.6	5.226
1777285460.7350485	63.0	5.568
1777285461.1242383	153.0	5.682
1777285461.6221514	209.5	5.911
1777285462.028992	197.0	5.939
1777285462.51686	131.0	5.939
1777285462.9234369	93.0	6.082
1777285463.3223715	86.6	6.168
1777285463.8172748	74.5	6.196
1777285464.2099164	54.2	6.224
1777285464.6282256	38.6	6.224
1777285465.1101463	24.2	6.253
1777285465.5250382	55.2	6.425
1777285466.025525	79.8	6.481
1777285466.4256659	86.8	6.568
1777285466.8230555	70.4	6.568
1777285467.3191075	7.6	6.939
1777285467.7159839	-72.5	6.939
1777285468.1258495	-67.5	7.024
1777285468.612455	-14.9	7.053
1777285469.0271068	14.2	7.053
1777285469.5242167	16.3	7.053
1777285469.9186587	12.4	7.082
1777285470.3273902	12.8	7.082
1777285470.8120534	15.6	7.138
1777285471.2190416	22.3	7.138
1777285471.6314988	26.1	7.196
1777285472.1069152	29.4	7.196
1777285472.5257301	21.3	7.196
1777285473.0114834	11.3	7.196
1777285473.426783	8.3	7.224
1777285473.8209846	10.7	7.224
1777285474.3148847	9.4	7.253
1777285474.7150667	20.6	7.338
1777285475.1319096	80.4	7.624
1777285475.6132364	126.7	7.653
1777285476.0258799	114.3	7.709
1777285476.5047154	79.4	7.709
1777285476.9261396	49.4	7.738
1777285477.3217149	34.5	7.767
1777285477.8186412	23.6	7.767
1777285478.2182958	13.2	7.767
1777285478.6345332	54.5	7.995
1777285479.113318	81.9	8.08
1777285479.5331469	186.4	8.765
1777285480.0049298	280.3	9.022
1777285480.4290946	408.6	10.05
1777285480.8257704	671.2	10.9
1777285481.3162174	684.2	10.93
1777285481.722755	460.0	10.96
1777285482.1377459	236.5	10.96
1777285482.6156027	97.4	10.96
1777285483.0283809	43.8	11.16
1777285483.5156186	80.0	11.22
1777285483.922726	84.2	11.22
1777285484.3264697	55.9	11.22
1777285484.8204825	30.9	11.25
1777285485.2183752	19.4	11.25
1777285485.6324065	11.9	11.27
1777285486.121362	13.3	11.27
1777285486.5257738	14.3	11.3
1777285487.0119698	15.7	11.3
1777285487.4267263	13.8	11.36
1777285487.925386	22.6	11.36
1777285488.3168066	26.8	11.39
1777285488.7418482	21.6	11.39
1777285489.2182674	12.4	11.39
1777285489.6301644	31.5	11.56
1777285490.1143012	57.5	11.56
1777285490.5243418	48.2	11.56
1777285490.929123	27.2	11.56
1777285491.4217439	23.7	11.93
1777285491.818204	122.3	12.02
1777285492.2395337	180.7	12.24
1777285492.7186792	175.2	12.24
1777285493.1387453	119.6	12.27
1777285493.6097052	68.1	12.3
1777285494.0269818	92.3	12.59
1777285494.4307222	155.8	12.82
1777285494.9217854	198.2	13.1
1777285495.3249102	245.0	13.64
1777285495.7406304	374.7	14.39
1777285496.2194886	581.9	15.53
1777285496.636884	738.0	15.84
1777285497.1126947	637.9	15.99
1777285497.534	408.8	15.99
1777285497.9334764	202.9	15.99
1777285498.4206383	80.1	15.99
1777285498.819576	32.2	16.04
1777285499.2193902	23.5	16.04
1777285499.723132	21.3	16.07
1777285500.1182232	20.4	16.07
1777285500.6383004	14.1	16.07
1777285501.0105443	7.3	16.07
1777285501.428369	6.7	16.1
1777285501.9310746	10.2	16.1
1777285502.3295872	18.6	16.27
1777285502.7317367	55.0	16.27
1777285503.2170637	57.5	16.3
1777285503.619242	43.3	16.3
1777285504.1126206	25.3	16.33
1777285504.5190039	18.8	16.33
1777285504.9325554	19.8	16.36
1777285505.4293878	27.4	16.41
1777285505.8309267	28.6	16.39
1777285506.2252057	7.6	16.36
1777285506.7177348	-8.5	16.36
1777285507.1246943	-8.1	16.39
1777285507.6131537	2.4	16.39
1777285508.0177348	6.4	16.41
1777285508.4332752	15.6	16.44
1777285508.916485	20.6	16.44
1777285509.3316734	22.1	16.47
1777285509.7258775	19.7	16.53
1777285510.2188525	32.8	16.56
1777285510.6234667	64.3	16.73
1777285511.1266623	78.3	16.87
1777285511.5205328	91.1	16.87
1777285511.9329615	74.8	16.9
1777285512.4155014	50.8	16.9
1777285512.8247657	30.9	16.93
1777285513.2304976	22.8	16.96
1777285513.7230458	21.5	16.96
1777285514.1327102	21.3	16.98
1777285514.6217623	18.5	16.98
1777285515.023726	15.3	17.01
1777285515.439023	20.1	17.04
1777285515.917245	19.9	17.04
1777285516.3249297	18.4	17.07
1777285516.7336335	19.4	17.1
1777285517.2263181	18.9	17.1
1777285517.6275363	18.8	17.13
1777285518.1161761	33.3	17.3
1777285518.525421	74.1	17.38
1777285518.9367883	82.5	17.38
1777285519.420845	63.1	17.41
1777285519.8357754	43.5	17.44
1777285520.2360103	28.1	17.47
1777285520.7317796	22.1	17.47
1777285521.132042	15.8	17.47
1777285521.6245346	14.0	17.5
1777285522.0202072	13.1	17.5
1777285522.4411814	8.8	17.5
1777285522.9121497	4.4	17.5
1777285523.3410652	4.8	17.58
1777285523.7338445	24.6	17.58
1777285524.230861	31.4	17.61
1777285524.6235652	27.7	17.61
1777285525.1273544	22.9	17.64
1777285525.5191994	17.1	17.64
1777285525.944616	10.2	17.67
1777285526.4197526	11.8	17.67
1777285526.8346558	11.1	17.67
1777285527.2363465	7.1	17.67
1777285527.725962	7.9	17.7
1777285528.126134	14.7	17.76
1777285528.6260235	35.9	17.81
1777285529.0232675	40.8	17.81
1777285529.4414024	29.3	17.84
1777285529.9195747	22.2	17.84
1777285530.3373737	14.3	17.84
1777285530.7387252	7.4	17.84
1777285531.2241793	3.1	17.84
1777285531.7249868	1.2	17.87
1777285532.1227543	7.6	17.87
1777285532.5458486	9.5	17.87
1777285533.0214152	6.7	17.87
1777285533.4403553	3.3	17.87
1777285533.9107935	5.5	17.9
1777285534.331761	9.3	17.9
1777285534.7280557	9.0	17.93
1777285535.226779	18.6	17.98
1777285535.6232839	28.6	17.98
1777285536.046939	25.6	18.01
1777285536.5244281	22.0	18.01
1777285536.9367259	14.7	18.04
1777285537.4166021	14.3	18.04
1777285537.833406	12.2	18.07
1777285538.2282915	26.5	18.16
1777285538.7296488	51.3	18.27
1777285539.1300266	66.1	18.27
1777285539.5376837	55.2	18.3
1777285540.0212262	37.7	18.3
1777285540.4418159	20.9	18.33
1777285540.915593	16.2	18.33
1777285541.3290083	13.2	18.36
1777285541.7377868	15.2	18.36
1777285542.2309794	15.8	18.44
1777285542.6251698	37.9	18.47
1777285543.030828	40.9	18.5
1777285543.5225847	63.4	18.84
1777285543.9423468	132.1	18.87
1777285544.4144814	123.8	18.9
1777285544.8315687	82.7	18.9
1777285545.2300208	53.1	19.01
1777285545.734382	56.4	19.04
1777285546.1236198	49.5	19.04
1777285546.5248163	34.0	19.07
1777285547.0233996	52.5	19.58
1777285547.423095	278.3	20.75
1777285547.9194934	648.4	21.87
1777285548.330039	835.1	22.07
1777285548.7361438	753.0	22.84
1777285549.2355585	605.1	22.87
1777285549.6282387	378.9	22.87
1777285550.0289433	186.1	22.87
1777285550.5313444	79.7	22.92
1777285550.9275277	41.8	22.95
1777285551.4197555	31.0	22.95
1777285551.8244102	37.0	23.04
1777285552.2340798	46.5	23.07
1777285552.7129822	57.9	23.32
1777285553.1272752	105.4	23.35
1777285553.533561	97.0	23.38
1777285554.0307002	72.7	23.44
1777285554.4238238	64.4	23.5
1777285554.9169004	51.2	23.5
1777285555.3223245	31.0	23.52
1777285555.740554	24.5	23.55
1777285556.2136593	29.5	23.58
1777285556.6424062	36.5	23.64
1777285557.0284615	40.2	23.67
1777285557.5271716	32.2	23.67
1777285557.927506	19.3	23.69
1777285558.4224582	15.8	23.69
1777285558.8196144	11.7	23.69
1777285559.2390893	51.9	23.95
1777285559.7149897	87.6	23.95
1777285560.1277652	70.7	23.98
1777285560.5328891	46.4	24.01
1777285561.033069	38.8	24.04
1777285561.4245045	36.7	24.07
1777285561.9240804	30.8	24.09
1777285562.3283744	24.1	24.09
1777285562.7495944	14.5	24.09
1777285563.2225957	10.6	24.12
1777285563.629195	12.6	24.15
1777285564.0285978	17.0	24.15
1777285564.5303116	15.1	24.24
1777285564.9283168	50.9	24.38
1777285565.4298532	79.3	24.41
1777285565.8239944	76.7	24.47
1777285566.243455	68.1	24.52
1777285566.7242038	53.2	24.52
1777285567.136321	67.8	24.72
1777285567.5349982	80.4	24.72
1777285568.0290904	59.0	24.72
1777285568.4307723	41.4	24.78
1777285568.9296582	30.9	24.78
1777285569.3216436	18.8	24.78
1777285569.751166	12.8	24.81
1777285570.219879	13.4	24.87
1777285570.63384	49.4	24.98
1777285571.0399437	62.9	25.01
1777285571.5354059	56.2	25.04
1777285571.9345317	42.8	25.09
1777285572.4253707	49.8	25.15
1777285572.8271055	46.5	25.15
1777285573.2458231	29.9	25.15
1777285573.71914	19.5	25.18
1777285574.1333811	14.5	25.18
1777285574.5367026	8.9	25.18
1777285575.0280473	5.1	25.21
1777285575.5273101	9.9	25.21
1777285575.92711	10.3	25.24
1777285576.3433318	14.7	25.27
1777285576.826357	22.1	25.29
1777285577.2409296	25.3	25.29
1777285577.6365066	18.4	25.29
1777285578.1367064	19.8	25.35
1777285578.5297139	22.3	25.35
1777285579.033614	16.1	25.35
1777285579.4306023	12.2	25.38
1777285579.8457074	12.8	25.38
1777285580.3232725	34.7	25.55
1777285580.7442436	59.6	25.55
1777285581.1370678	49.8	25.55
1777285581.6361065	36.5	25.64
1777285582.0397666	45.7	25.69
1777285582.5256078	54.1	25.72
1777285582.928584	41.9	25.72
1777285583.3454816	29.4	25.75
1777285583.822144	19.5	25.75
1777285584.2408779	10.6	25.75
1777285584.6414156	11.4	25.78
1777285585.139628	11.3	25.78
1777285585.5320506	12.0	25.81
1777285586.0289454	21.2	25.86
1777285586.4347456	42.1	26.04
1777285586.830526	80.7	26.09
1777285587.325889	80.9	26.09
1777285587.7361517	58.6	26.29
1777285588.1433659	84.5	26.32
1777285588.6408412	83.2	26.35
1777285589.036898	61.2	26.35
1777285589.5281315	35.6	26.38
1777285589.935792	23.6	26.38
1777285590.3318152	16.8	26.46
1777285590.82962	53.4	26.58
1777285591.2248647	73.4	26.66
1777285591.6449454	73.8	26.66
1777285592.1209888	51.5	26.66
1777285592.5321112	37.1	26.75
1777285593.033185	44.7	26.78
1777285593.427562	40.0	26.84
1777285593.8324265	40.6	26.89
1777285594.3296566	51.2	26.92
1777285594.725923	47.9	26.98
1777285595.1440628	46.8	27.04
1777285595.6301281	48.9	27.06
1777285596.0412114	41.1	27.06
1777285596.5178607	42.9	27.21
1777285596.9406466	61.9	27.26
1777285597.3375294	62.3	27.26
1777285597.8255837	48.8	27.49
1777285598.2283154	102.3	27.58
1777285598.6401408	110.3	27.58
1777285599.1245496	75.1	27.61
1777285599.540853	43.9	27.61
1777285600.0176349	29.5	27.95
1777285600.4387035	103.9	27.98
1777285600.8306875	126.7	28.01
1777285601.33324	95.5	28.03
1777285601.738302	58.6	28.03
1777285602.1512241	29.6	28.03
1777285602.6210353	15.3	28.06
1777285603.042132	14.1	28.09
1777285603.5226111	17.8	28.09
1777285603.933809	14.9	28.09
1777285604.3347282	13.1	28.21
1777285604.8333972	44.1	28.26
1777285605.2352495	55.4	28.26
1777285605.6486394	40.3	28.26
1777285606.130534	23.7	28.29
1777285606.5395808	16.9	28.29
1777285607.022293	12.0	28.32
1777285607.434238	15.2	28.35
1777285607.8410735	20.5	28.38
1777285608.3288422	30.7	28.55
1777285608.7286122	71.0	28.58
1777285609.1502702	77.9	28.61
1777285609.622718	76.8	28.78
1777285610.0540347	84.3	28.78
1777285610.5175734	64.7	28.81
1777285610.9369943	44.0	28.83
1777285611.3329399	33.9	28.86
1777285611.8371403	30.8	28.89
1777285612.227986	26.9	28.89
1777285612.6571476	17.8	28.92
1777285613.1258707	19.6	28.95
1777285613.543228	32.3	29.01
1777285614.0201106	39.1	29.03
1777285614.442863	36.9	29.09
1777285614.8370864	35.9	29.09
1777285615.3365088	31.1	29.21
1777285615.7353954	52.2	29.23
1777285616.1536233	51.6	29.23
1777285616.6278646	33.2	29.23
1777285617.0439837	44.2	29.41
1777285617.5240862	63.0	29.43
1777285617.934959	77.9	29.55
1777285618.3349361	82.5	29.61
1777285618.8319876	74.5	29.69
1777285619.3351853	61.7	29.69
1777285619.736643	44.1	29.72
1777285620.1462924	35.2	29.75
1777285620.6319125	25.3	29.75
1777285621.039877	14.3	29.75
1777285621.4401436	12.8	29.78
1777285621.9389727	18.1	29.81
1777285622.3378305	17.1	29.83
1777285622.8312566	17.9	29.83
1777285623.2345214	21.2	29.92
1777285623.6511092	33.2	29.92
1777285624.1288517	29.5	29.92
1777285624.5446627	23.7	29.95
1777285624.937069	17.5	29.95
1777285625.4334562	10.3	29.98
1777285625.8347538	17.0	30.03
1777285626.3292224	28.3	30.03
1777285626.7365527	24.0	30.03
1777285627.1314852	23.8	30.12
1777285627.6274862	33.5	30.15
1777285628.0229197	35.3	30.15
1777285628.4470382	34.6	30.29
1777285628.9454696	55.2	30.29
1777285629.3350413	49.4	30.32
1777285629.8326776	36.9	30.32
1777285630.2344878	22.2	30.32
1777285630.634583	11.0	30.35
1777285631.125936	11.5	30.35
1777285631.5362265	17.5	30.38
1777285631.941173	29.6	30.43
1777285632.429097	30.3	30.46
1777285632.8354826	28.2	30.49
1777285633.3340623	26.9	30.52
1777285633.7381217	33.2	30.58
