1776704199.576992	-6.3	-0.055
1776704199.9806855	-9.0	-0.055
1776704200.4699667	-6.5	-0.055
1776704200.8756173	-3.3	-0.055
1776704201.269465	-1.2	-0.055
1776704201.7642136	2.4	-0.027
1776704202.1649375	8.5	-0.027
1776704202.584535	5.4	-0.055
1776704203.0593696	-3.6	-0.055
1776704203.4769962	-5.9	-0.055
1776704203.9726026	-4.1	-0.055
1776704204.3756063	-1.9	-0.055
1776704204.7701683	-0.6	-0.055
1776704205.2706125	-0.1	-0.055
1776704205.6625924	0.0	-0.055
1776704206.0795755	0.0	-0.055
1776704206.559534	0.0	-0.055
1776704206.9758494	0.0	-0.055
1776704207.4570732	0.0	-0.055
1776704207.8695617	0.0	-0.055
1776704208.270198	0.0	-0.055
1776704208.7705162	0.0	-0.055
1776704209.1651344	0.0	-0.055
1776704209.5881026	0.0	-0.055
1776704210.0604532	0.0	-0.055
1776704210.4825482	0.0	-0.055
1776704210.956818	0.0	-0.055
1776704211.370105	0.0	-0.055
1776704211.7750976	0.0	-0.055
1776704212.268042	0.0	-0.055
1776704212.6647668	0.0	-0.055
1776704213.0819826	0.0	-0.055
1776704213.5636017	0.0	-0.055
1776704213.9776423	0.0	-0.055
1776704214.455691	0.0	-0.055
1776704214.8753908	0.0	-0.055
1776704215.2726123	0.0	-0.055
1776704215.7653198	0.0	-0.055
1776704216.1660361	0.0	-0.055
1776704216.5848703	0.0	-0.055
1776704217.0663137	0.0	-0.055
1776704217.476103	0.0	-0.055
1776704217.9627872	0.0	-0.055
1776704218.3861182	0.0	-0.055
1776704218.777111	0.0	-0.055
1776704219.2718656	0.0	-0.055
1776704219.6708813	0.0	-0.055
1776704220.0920548	0.0	-0.055
1776704220.569525	0.0	-0.055
1776704220.9790192	0.0	-0.055
1776704221.4656973	0.0	-0.055
1776704221.8753715	0.0	-0.055
1776704222.2714348	0.0	-0.055
1776704222.7702584	0.0	-0.055
1776704223.1663737	0.0	-0.055
1776704223.5903697	0.0	-0.055
1776704224.0700204	0.0	-0.055
1776704224.4786499	0.0	-0.055
1776704224.960251	0.0	-0.055
1776704225.3744493	0.0	-0.055
1776704225.7735264	0.0	-0.055
1776704226.2765684	0.0	-0.055
1776704226.6734593	0.0	-0.055
1776704227.0833178	0.0	-0.055
1776704227.5647752	0.0	-0.055
1776704227.9790018	0.0	-0.055
1776704228.46134	0.0	-0.055
1776704228.8799696	0.0	-0.055
1776704229.2724211	0.0	-0.055
1776704229.7737763	0.0	-0.055
1776704230.1689813	0.0	-0.055
1776704230.5845654	0.0	-0.055
1776704231.0629845	0.0	-0.055
1776704231.4799044	0.0	-0.055
1776704231.9587245	0.0	-0.055
1776704232.3737822	0.0	-0.055
1776704232.7835639	0.0	-0.055
1776704233.2707555	0.0	-0.055
1776704233.6684036	0.0	-0.055
1776704234.091688	0.0	-0.055
1776704234.5708373	0.0	-0.055
1776704234.9888427	0.0	-0.055
1776704235.4641745	0.0	-0.055
1776704235.8747778	0.0	-0.055
1776704236.276865	0.0	-0.055
1776704236.7755077	0.0	-0.055
1776704237.1777248	0.0	-0.055
1776704237.5919485	0.0	-0.055
1776704238.0694704	0.0	-0.055
1776704238.487848	0.0	-0.055
1776704238.961809	0.0	-0.055
1776704239.3841674	0.0	-0.055
1776704239.7795074	0.0	-0.055
1776704240.278066	0.0	-0.055
1776704240.6810527	0.0	-0.055
1776704241.072904	0.0	-0.055
1776704241.5704103	0.0	-0.055
1776704241.9890358	0.0	-0.055
1776704242.4650106	0.0	-0.055
1776704242.8785121	0.0	-0.055
1776704243.37355	0.0	-0.055
1776704243.7718298	0.0	-0.055
1776704244.1749403	0.0	-0.055
1776704244.6762972	0.0	-0.055
1776704245.0845795	0.0	-0.055
1776704245.5635693	0.0	-0.055
1776704245.9845326	0.0	-0.055
1776704246.376898	0.0	-0.055
1776704246.8824315	0.0	-0.055
1776704247.2794054	0.0	-0.055
1776704247.68224	0.0	-0.055
1776704248.1757789	0.0	-0.055
1776704248.5877535	0.0	-0.055
1776704249.0623705	0.0	-0.055
1776704249.4834688	0.0	-0.055
1776704249.8862355	0.0	-0.055
1776704250.3816552	0.0	-0.055
1776704250.774107	0.0	-0.055
1776704251.1787171	0.0	-0.055
1776704251.6766963	0.0	-0.055
1776704252.0864222	0.0	-0.055
1776704252.5681412	0.0	-0.055
1776704252.9834795	0.0	-0.055
1776704253.388292	0.0	-0.055
1776704253.8813293	0.0	-0.055
1776704254.2808087	0.0	-0.055
1776704254.6834466	0.0	-0.055
1776704255.1779833	0.0	-0.055
1776704255.5772364	0.0	-0.055
1776704256.0687103	0.0	-0.055
1776704256.4743772	0.0	-0.055
1776704256.8891604	0.0	-0.055
1776704257.3632805	0.0	-0.055
1776704257.7878602	0.0	-0.055
1776704258.1777189	0.0	-0.055
1776704258.6781518	0.0	-0.055
1776704259.0760791	0.0	-0.055
1776704259.5661418	0.0	-0.055
1776704259.9733882	0.0	-0.055
1776704260.3888006	0.0	-0.055
1776704260.8613977	0.0	-0.055
1776704261.2800062	0.0	-0.055
1776704261.6750913	0.0	-0.055
1776704262.1842957	0.0	-0.055
1776704262.5799403	0.0	-0.055
1776704263.0661092	0.0	-0.055
1776704263.466016	0.0	-0.055
1776704263.8825939	0.0	-0.055
1776704264.3629665	0.0	-0.055
1776704264.7816603	0.0	-0.055
1776704265.17789	0.0	-0.055
1776704265.679581	0.0	-0.055
1776704266.0728824	0.0	-0.055
1776704266.5780678	0.0	-0.055
1776704266.9691958	0.0	-0.055
1776704267.3888047	0.0	-0.055
1776704267.8620627	0.0	-0.055
1776704268.2847168	0.0	-0.055
1776704268.685579	0.0	-0.055
1776704269.1763234	0.0	-0.055
1776704269.5764275	0.0	-0.055
1776704270.0679085	0.0	-0.055
1776704270.4701154	0.0	-0.055
1776704270.8914933	0.0	-0.055
1776704271.3682628	0.0	-0.055
1776704271.7830977	0.0	-0.055
1776704272.1807687	0.0	-0.055
1776704272.6739786	-0.2	-0.084
1776704273.0746353	-5.9	-0.055
1776704273.577474	-1.0	-0.055
1776704273.972917	2.5	-0.055
1776704274.3926625	2.6	-0.055
1776704274.8675659	1.6	-0.055
1776704275.2804096	0.7	-0.055
1776704275.685647	0.2	-0.055
1776704276.187589	0.1	-0.055
1776704276.5813572	0.0	-0.055
1776704277.0759466	-3.6	-0.084
1776704277.4687996	-9.2	-0.084
1776704277.8871036	-8.2	-0.084
1776704278.3683589	-4.7	-0.084
1776704278.7821565	-1.2	-0.055
1776704279.188535	7.2	-0.055
1776704279.6839347	9.1	-0.055
1776704280.0772853	6.2	-0.055
1776704280.5739825	3.0	-0.055
1776704280.9739726	1.1	-0.055
1776704281.389468	0.3	-0.055
1776704281.8719387	0.1	-0.055
1776704282.2805595	0.0	-0.055
1776704282.6830869	0.0	-0.055
1776704283.1787584	-1.2	-0.084
1776704283.5860183	-8.2	-0.084
1776704284.0770504	-9.0	-0.084
1776704284.4793923	-5.8	-0.084
1776704284.895753	-2.7	-0.084
1776704285.3727524	5.8	-0.055
1776704285.790146	9.2	-0.055
1776704286.182954	6.9	-0.055
1776704286.6758134	3.6	-0.055
1776704287.1765945	-6.0	-0.084
1776704287.5739207	-9.0	-0.084
1776704287.987398	-6.4	-0.084
1776704288.473424	2.0	-0.055
1776704288.890774	8.3	-0.055
1776704289.3694105	7.3	-0.055
1776704289.7851524	4.1	-0.055
1776704290.1779878	1.7	-0.055
1776704290.672612	0.5	-0.055
1776704291.079225	0.1	-0.055
1776704291.491828	0.0	-0.055
1776704291.9745889	0.0	-0.055
1776704292.386682	0.0	-0.055
1776704292.869087	-2.0	-0.084
1776704293.2844183	-2.6	-0.055
1776704293.680434	0.7	-0.055
1776704294.1785107	1.8	-0.055
1776704294.5789068	1.4	-0.055
1776704294.9923286	0.7	-0.055
1776704295.4759157	0.3	-0.055
1776704295.8900142	-4.4	-0.055
1776704296.3656008	-1.5	-0.055
1776704296.7863607	1.6	-0.055
1776704297.1896417	2.1	-0.055
1776704297.6831274	1.3	-0.055
1776704298.079968	0.6	-0.055
1776704298.5002682	0.2	-0.055
1776704298.9748683	-3.3	-0.055
1776704299.39673	-1.8	-0.055
1776704299.8698716	1.1	-0.055
1776704300.2866895	1.8	-0.055
1776704300.6882195	1.2	-0.055
1776704301.1766124	0.6	-0.055
1776704301.578015	0.2	-0.055
1776704301.9931257	0.1	-0.055
1776704302.4725218	0.0	-0.055
1776704302.8930166	0.0	-0.055
1776704303.3715098	0.0	-0.055
1776704303.784083	-3.1	-0.055
1776704304.1885471	-0.7	-0.055
1776704304.6841962	1.2	-0.055
1776704305.0817564	1.4	-0.055
1776704305.498364	0.8	-0.055
1776704305.9706628	0.4	-0.055
1776704306.3873866	-4.3	-0.055
